[array([0.986336, 0.960691]), array([0.826845, 0.084221]), array([0.597339, 0.99909 , 0.592741]), array([0.11457 , 0.610328, 0.985384, 0.869944]), array([0.177981, 0.461269, 0.359834, 0.821539]), array([0.478589, 0.369828, 0.972901, 0.415316, 0.868219]), array([0.666431, 0.424532, 0.565335, 0.29077 , 0.815775, 0.745001]), array([0.581306, 0.568065, 0.744823, 0.556794, 0.156865, 0.180742,
       0.492414, 0.362941])]
[array([0.751024, 0.732999]), array([0.680214, 0.502871]), array([0.345101, 0.390206, 0.462726]), array([0.949961, 0.983839, 0.866449, 0.909552]), array([0.412345, 0.598721, 0.472119, 0.385902]), array([0.689523, 0.412786, 0.523412, 0.608934, 0.345671]), array([0.732145, 0.412876, 0.587294, 0.335821, 0.623457, 0.401239]), array([0.142738, 0.872641, 0.591234, 0.304182, 0.785916, 0.426598,
       0.668411, 0.537902])]
[array([0.660114, 0.671526]), array([0.712483, 0.563941]), array([0.379357, 0.084948, 0.479678]), array([0.972418, 0.991732, 0.902615, 0.938447]), array([0.287654, 0.781233, 0.915472, 0.642118]), array([0.701842, 0.398517, 0.548936, 0.621774, 0.332408]), array([0.061372, 0.452918, 0.238641, 0.304775, 0.487593, 0.812406]), array([0.071382, 0.081947, 0.045612, 0.062318, 0.438274, 0.846529,
       0.512884, 0.918437])]
[array([0.650114, 0.671526]), array([0.701492, 0.715384]), array([0.781401, 0.96886 , 0.007395]), array([0.988214, 0.996845, 0.931774, 0.961203]), array([0.221764, 0.853912, 0.834527, 0.901638]), array([0.812457, 0.267193, 0.601284, 0.742918, 0.219674]), array([0.645382, 0.523174, 0.602918, 0.412736, 0.587241, 0.475839]), array([0.059874, 0.098462, 0.022715, 0.038905, 0.409782, 0.871234,
       0.521091, 0.934876])]
[array([0.650114, 0.666526]), array([0.724861, 0.782319]), array([0.41361 , 0.491696, 0.468184]), array([0.994862, 0.998931, 0.952418, 0.978644]), array([0.214983, 0.872441, 0.861209, 0.924557]), array([0.827316, 0.254908, 0.587642, 0.731845, 0.236517]), array([0.807416, 0.137925, 0.719483, 0.255672, 0.743821, 0.356198]), array([0.053912, 0.074385, 0.018627, 0.029184, 0.421536, 0.887412,
       0.534298, 0.949173])]
[array([0.764812, 0.721436]), array([0.748932, 0.689517]), array([0.467551, 0.749176, 0.002471]), array([0.997421, 0.999612, 0.969845, 0.989731]), array([0.209874, 0.889532, 0.872641, 0.938215]), array([0.863941, 0.311274, 0.642508, 0.689317, 0.182746]), array([0.083945, 0.468732, 0.251904, 0.318667, 0.462115, 0.829374]), array([0.140221, 0.942613, 0.229784, 0.012963, 0.418507, 0.407912,
       0.556731, 0.207845])]
[array([0.650116, 0.666525]), array([0.723242, 0.861256]), array([0.30061 , 0.408018, 0.443431]), array([0.999 , 0.9999, 0.985 , 0.995 ]), array([0.206511, 0.903278, 0.881954, 0.947863]), array([0.872364, 0.298115, 0.655927, 0.701842, 0.168539]), array([0.092614, 0.482193, 0.267845, 0.329518, 0.451276, 0.846902]), array([0.052731, 0.069842, 0.017904, 0.026551, 0.397118, 0.812447,
       0.503269, 0.905622])]